(kicad_pcb (version 20171130) (host pcbnew "(5.1.8-0-10_14)")

  (general
    (thickness 1.6)
    (drawings 5)
    (tracks 92)
    (zones 0)
    (modules 41)
    (nets 39)
  )

  (page A4)
  (layers
    (0 F.Cu signal)
    (31 B.Cu signal)
    (32 B.Adhes user)
    (33 F.Adhes user hide)
    (34 B.Paste user)
    (35 F.Paste user)
    (36 B.SilkS user hide)
    (37 F.SilkS user)
    (38 B.Mask user hide)
    (39 F.Mask user hide)
    (40 Dwgs.User user hide)
    (41 Cmts.User user hide)
    (42 Eco1.User user hide)
    (43 Eco2.User user hide)
    (44 Edge.Cuts user)
    (45 Margin user)
    (46 B.CrtYd user)
    (47 F.CrtYd user)
    (48 B.Fab user hide)
    (49 F.Fab user hide)
  )

  (setup
    (last_trace_width 0.5)
    (user_trace_width 0.5)
    (trace_clearance 0.2)
    (zone_clearance 0.508)
    (zone_45_only no)
    (trace_min 0.2)
    (via_size 0.8)
    (via_drill 0.4)
    (via_min_size 0.4)
    (via_min_drill 0.3)
    (uvia_size 0.3)
    (uvia_drill 0.1)
    (uvias_allowed no)
    (uvia_min_size 0.2)
    (uvia_min_drill 0.1)
    (edge_width 0.1)
    (segment_width 0.2)
    (pcb_text_width 0.3)
    (pcb_text_size 1.5 1.5)
    (mod_edge_width 0.15)
    (mod_text_size 1 1)
    (mod_text_width 0.15)
    (pad_size 1.524 1.524)
    (pad_drill 0.762)
    (pad_to_mask_clearance 0)
    (aux_axis_origin 76.2 149.86)
    (grid_origin 76.2 149.86)
    (visible_elements FFFFFF7F)
    (pcbplotparams
      (layerselection 0x010fc_ffffffff)
      (usegerberextensions false)
      (usegerberattributes true)
      (usegerberadvancedattributes true)
      (creategerberjobfile true)
      (excludeedgelayer true)
      (linewidth 0.100000)
      (plotframeref false)
      (viasonmask false)
      (mode 1)
      (useauxorigin false)
      (hpglpennumber 1)
      (hpglpenspeed 20)
      (hpglpendiameter 15.000000)
      (psnegative false)
      (psa4output false)
      (plotreference true)
      (plotvalue true)
      (plotinvisibletext false)
      (padsonsilk false)
      (subtractmaskfromsilk false)
      (outputformat 1)
      (mirror false)
      (drillshape 1)
      (scaleselection 1)
      (outputdirectory ""))
  )

  (net 0 "")
  (net 1 GND)
  (net 2 /Sheet62419879/re_2)
  (net 3 /Sheet62419879/re_1)
  (net 4 "Net-(D1-Pad1)")
  (net 5 /Sheet62419879/clock_in)
  (net 6 "Net-(D2-Pad1)")
  (net 7 +5V)
  (net 8 "Net-(D3-Pad2)")
  (net 9 "Net-(D4-Pad2)")
  (net 10 "Net-(D5-Pad2)")
  (net 11 "Net-(D6-Pad2)")
  (net 12 /Sheet62419879/gate_1)
  (net 13 "Net-(D7-Pad1)")
  (net 14 /Sheet62419879/gate_2)
  (net 15 "Net-(D8-Pad1)")
  (net 16 /Sheet62419879/gate_3)
  (net 17 "Net-(D9-Pad1)")
  (net 18 "Net-(D10-Pad1)")
  (net 19 /Sheet62419879/gate_4)
  (net 20 "Net-(J1-PadTN)")
  (net 21 "Net-(J2-PadTN)")
  (net 22 "Net-(J2-PadT)")
  (net 23 "Net-(J3-PadT)")
  (net 24 "Net-(J3-PadTN)")
  (net 25 "Net-(J4-PadTN)")
  (net 26 "Net-(J4-PadT)")
  (net 27 "Net-(J5-PadT)")
  (net 28 "Net-(J5-PadTN)")
  (net 29 /Sheet62419879/seq_start)
  (net 30 /Sheet62419879/select_1)
  (net 31 /Sheet62419879/select_2)
  (net 32 /Sheet62419879/select_3)
  (net 33 /Sheet62419879/sw_enter)
  (net 34 /Sheet62419879/select_4)
  (net 35 /Sheet62419879/sw_func_2)
  (net 36 /Sheet62419879/sw_func_1)
  (net 37 "Net-(R1-Pad2)")
  (net 38 "Net-(R2-Pad2)")

  (net_class Default "これはデフォルトのネット クラスです。"
    (clearance 0.2)
    (trace_width 0.25)
    (via_dia 0.8)
    (via_drill 0.4)
    (uvia_dia 0.3)
    (uvia_drill 0.1)
    (add_net +5V)
    (add_net /Sheet62419879/clock_in)
    (add_net /Sheet62419879/gate_1)
    (add_net /Sheet62419879/gate_2)
    (add_net /Sheet62419879/gate_3)
    (add_net /Sheet62419879/gate_4)
    (add_net /Sheet62419879/re_1)
    (add_net /Sheet62419879/re_2)
    (add_net /Sheet62419879/select_1)
    (add_net /Sheet62419879/select_2)
    (add_net /Sheet62419879/select_3)
    (add_net /Sheet62419879/select_4)
    (add_net /Sheet62419879/seq_start)
    (add_net /Sheet62419879/sw_enter)
    (add_net /Sheet62419879/sw_func_1)
    (add_net /Sheet62419879/sw_func_2)
    (add_net GND)
    (add_net "Net-(D1-Pad1)")
    (add_net "Net-(D10-Pad1)")
    (add_net "Net-(D2-Pad1)")
    (add_net "Net-(D3-Pad2)")
    (add_net "Net-(D4-Pad2)")
    (add_net "Net-(D5-Pad2)")
    (add_net "Net-(D6-Pad2)")
    (add_net "Net-(D7-Pad1)")
    (add_net "Net-(D8-Pad1)")
    (add_net "Net-(D9-Pad1)")
    (add_net "Net-(J1-PadTN)")
    (add_net "Net-(J2-PadT)")
    (add_net "Net-(J2-PadTN)")
    (add_net "Net-(J3-PadT)")
    (add_net "Net-(J3-PadTN)")
    (add_net "Net-(J4-PadT)")
    (add_net "Net-(J4-PadTN)")
    (add_net "Net-(J5-PadT)")
    (add_net "Net-(J5-PadTN)")
    (add_net "Net-(R1-Pad2)")
    (add_net "Net-(R2-Pad2)")
  )

  (module Attenuverter:MountingHole_9mm (layer F.Cu) (tedit 6226F300) (tstamp 622C7FBC)
    (at 86.36 142.24)
    (fp_text reference REF** (at 0 -9.525) (layer F.SilkS) hide
      (effects (font (size 2 2) (thickness 0.15)))
    )
    (fp_text value MountingHole_9mm (at 0 8.89) (layer F.Fab) hide
      (effects (font (size 1 1) (thickness 0.15)))
    )
    (fp_circle (center 0 0) (end 7.75 0) (layer Dwgs.User) (width 0.12))
    (fp_circle (center 0 0) (end 6.2 0) (layer Dwgs.User) (width 0.12))
    (pad "" np_thru_hole circle (at 0 0) (size 9 9) (drill 9) (layers *.Cu *.Mask))
  )

  (module Capacitor_THT:C_Axial_L3.8mm_D2.6mm_P7.50mm_Horizontal (layer F.Cu) (tedit 5AE50EF0) (tstamp 622B44B2)
    (at 96.52 137.16 270)
    (descr "C, Axial series, Axial, Horizontal, pin pitch=7.5mm, , length*diameter=3.8*2.6mm^2, http://www.vishay.com/docs/45231/arseries.pdf")
    (tags "C Axial series Axial Horizontal pin pitch 7.5mm  length 3.8mm diameter 2.6mm")
    (path /6241987A/6242C471)
    (fp_text reference C1 (at 3.75 -2.42 90) (layer F.SilkS)
      (effects (font (size 1 1) (thickness 0.15)))
    )
    (fp_text value 0.1u (at 3.75 2.42 90) (layer F.Fab)
      (effects (font (size 1 1) (thickness 0.15)))
    )
    (fp_line (start 1.85 -1.3) (end 1.85 1.3) (layer F.Fab) (width 0.1))
    (fp_line (start 1.85 1.3) (end 5.65 1.3) (layer F.Fab) (width 0.1))
    (fp_line (start 5.65 1.3) (end 5.65 -1.3) (layer F.Fab) (width 0.1))
    (fp_line (start 5.65 -1.3) (end 1.85 -1.3) (layer F.Fab) (width 0.1))
    (fp_line (start 0 0) (end 1.85 0) (layer F.Fab) (width 0.1))
    (fp_line (start 7.5 0) (end 5.65 0) (layer F.Fab) (width 0.1))
    (fp_line (start 1.73 -1.42) (end 1.73 1.42) (layer F.SilkS) (width 0.12))
    (fp_line (start 1.73 1.42) (end 5.77 1.42) (layer F.SilkS) (width 0.12))
    (fp_line (start 5.77 1.42) (end 5.77 -1.42) (layer F.SilkS) (width 0.12))
    (fp_line (start 5.77 -1.42) (end 1.73 -1.42) (layer F.SilkS) (width 0.12))
    (fp_line (start 1.04 0) (end 1.73 0) (layer F.SilkS) (width 0.12))
    (fp_line (start 6.46 0) (end 5.77 0) (layer F.SilkS) (width 0.12))
    (fp_line (start -1.05 -1.55) (end -1.05 1.55) (layer F.CrtYd) (width 0.05))
    (fp_line (start -1.05 1.55) (end 8.55 1.55) (layer F.CrtYd) (width 0.05))
    (fp_line (start 8.55 1.55) (end 8.55 -1.55) (layer F.CrtYd) (width 0.05))
    (fp_line (start 8.55 -1.55) (end -1.05 -1.55) (layer F.CrtYd) (width 0.05))
    (fp_text user %R (at 3.75 0 90) (layer F.Fab)
      (effects (font (size 0.76 0.76) (thickness 0.114)))
    )
    (pad 2 thru_hole oval (at 7.5 0 270) (size 1.6 1.6) (drill 0.8) (layers *.Cu *.Mask)
      (net 1 GND))
    (pad 1 thru_hole circle (at 0 0 270) (size 1.6 1.6) (drill 0.8) (layers *.Cu *.Mask)
      (net 2 /Sheet62419879/re_2))
    (model ${KISYS3DMOD}/Capacitor_THT.3dshapes/C_Axial_L3.8mm_D2.6mm_P7.50mm_Horizontal.wrl
      (at (xyz 0 0 0))
      (scale (xyz 1 1 1))
      (rotate (xyz 0 0 0))
    )
  )

  (module Capacitor_THT:C_Axial_L3.8mm_D2.6mm_P7.50mm_Horizontal (layer F.Cu) (tedit 5AE50EF0) (tstamp 622B44C9)
    (at 96.52 121.92 270)
    (descr "C, Axial series, Axial, Horizontal, pin pitch=7.5mm, , length*diameter=3.8*2.6mm^2, http://www.vishay.com/docs/45231/arseries.pdf")
    (tags "C Axial series Axial Horizontal pin pitch 7.5mm  length 3.8mm diameter 2.6mm")
    (path /6241987A/6242C47D)
    (fp_text reference C2 (at 3.75 -2.42 90) (layer F.SilkS)
      (effects (font (size 1 1) (thickness 0.15)))
    )
    (fp_text value 0.1u (at 3.75 2.42 90) (layer F.Fab)
      (effects (font (size 1 1) (thickness 0.15)))
    )
    (fp_line (start 8.55 -1.55) (end -1.05 -1.55) (layer F.CrtYd) (width 0.05))
    (fp_line (start 8.55 1.55) (end 8.55 -1.55) (layer F.CrtYd) (width 0.05))
    (fp_line (start -1.05 1.55) (end 8.55 1.55) (layer F.CrtYd) (width 0.05))
    (fp_line (start -1.05 -1.55) (end -1.05 1.55) (layer F.CrtYd) (width 0.05))
    (fp_line (start 6.46 0) (end 5.77 0) (layer F.SilkS) (width 0.12))
    (fp_line (start 1.04 0) (end 1.73 0) (layer F.SilkS) (width 0.12))
    (fp_line (start 5.77 -1.42) (end 1.73 -1.42) (layer F.SilkS) (width 0.12))
    (fp_line (start 5.77 1.42) (end 5.77 -1.42) (layer F.SilkS) (width 0.12))
    (fp_line (start 1.73 1.42) (end 5.77 1.42) (layer F.SilkS) (width 0.12))
    (fp_line (start 1.73 -1.42) (end 1.73 1.42) (layer F.SilkS) (width 0.12))
    (fp_line (start 7.5 0) (end 5.65 0) (layer F.Fab) (width 0.1))
    (fp_line (start 0 0) (end 1.85 0) (layer F.Fab) (width 0.1))
    (fp_line (start 5.65 -1.3) (end 1.85 -1.3) (layer F.Fab) (width 0.1))
    (fp_line (start 5.65 1.3) (end 5.65 -1.3) (layer F.Fab) (width 0.1))
    (fp_line (start 1.85 1.3) (end 5.65 1.3) (layer F.Fab) (width 0.1))
    (fp_line (start 1.85 -1.3) (end 1.85 1.3) (layer F.Fab) (width 0.1))
    (fp_text user %R (at 3.75 0 90) (layer F.Fab)
      (effects (font (size 0.76 0.76) (thickness 0.114)))
    )
    (pad 1 thru_hole circle (at 0 0 270) (size 1.6 1.6) (drill 0.8) (layers *.Cu *.Mask)
      (net 3 /Sheet62419879/re_1))
    (pad 2 thru_hole oval (at 7.5 0 270) (size 1.6 1.6) (drill 0.8) (layers *.Cu *.Mask)
      (net 1 GND))
    (model ${KISYS3DMOD}/Capacitor_THT.3dshapes/C_Axial_L3.8mm_D2.6mm_P7.50mm_Horizontal.wrl
      (at (xyz 0 0 0))
      (scale (xyz 1 1 1))
      (rotate (xyz 0 0 0))
    )
  )

  (module LED_THT:LED_D4.0mm (layer F.Cu) (tedit 587A3A7B) (tstamp 622BBBCD)
    (at 93.98 53.34)
    (descr "LED, diameter 4.0mm, 2 pins, http://www.kingbright.com/attachments/file/psearch/000/00/00/L-43GD(Ver.12B).pdf")
    (tags "LED diameter 4.0mm 2 pins")
    (path /6241987A/6243559D)
    (fp_text reference D1 (at 5.08 0) (layer F.SilkS)
      (effects (font (size 1 1) (thickness 0.15)))
    )
    (fp_text value clock (at 1.27 3.46) (layer F.Fab)
      (effects (font (size 1 1) (thickness 0.15)))
    )
    (fp_line (start 4 -2.75) (end -1.45 -2.75) (layer F.CrtYd) (width 0.05))
    (fp_line (start 4 2.75) (end 4 -2.75) (layer F.CrtYd) (width 0.05))
    (fp_line (start -1.45 2.75) (end 4 2.75) (layer F.CrtYd) (width 0.05))
    (fp_line (start -1.45 -2.75) (end -1.45 2.75) (layer F.CrtYd) (width 0.05))
    (fp_line (start -0.79 1.08) (end -0.79 1.399) (layer F.SilkS) (width 0.12))
    (fp_line (start -0.79 -1.399) (end -0.79 -1.08) (layer F.SilkS) (width 0.12))
    (fp_line (start -0.73 -1.32665) (end -0.73 1.32665) (layer F.Fab) (width 0.1))
    (fp_circle (center 1.27 0) (end 3.27 0) (layer F.Fab) (width 0.1))
    (fp_arc (start 1.27 0) (end -0.73 -1.32665) (angle 292.9) (layer F.Fab) (width 0.1))
    (fp_arc (start 1.27 0) (end -0.79 -1.398749) (angle 120.1) (layer F.SilkS) (width 0.12))
    (fp_arc (start 1.27 0) (end -0.79 1.398749) (angle -120.1) (layer F.SilkS) (width 0.12))
    (fp_arc (start 1.27 0) (end -0.41333 -1.08) (angle 114.6) (layer F.SilkS) (width 0.12))
    (fp_arc (start 1.27 0) (end -0.41333 1.08) (angle -114.6) (layer F.SilkS) (width 0.12))
    (pad 1 thru_hole rect (at 0 0) (size 1.8 1.8) (drill 0.9) (layers *.Cu *.Mask)
      (net 4 "Net-(D1-Pad1)"))
    (pad 2 thru_hole circle (at 2.54 0) (size 1.8 1.8) (drill 0.9) (layers *.Cu *.Mask)
      (net 5 /Sheet62419879/clock_in))
    (model ${KISYS3DMOD}/LED_THT.3dshapes/LED_D4.0mm.wrl
      (at (xyz 0 0 0))
      (scale (xyz 1 1 1))
      (rotate (xyz 0 0 0))
    )
  )

  (module LED_THT:LED_D4.0mm (layer F.Cu) (tedit 587A3A7B) (tstamp 622B44EF)
    (at 106.68 53.34)
    (descr "LED, diameter 4.0mm, 2 pins, http://www.kingbright.com/attachments/file/psearch/000/00/00/L-43GD(Ver.12B).pdf")
    (tags "LED diameter 4.0mm 2 pins")
    (path /6241987A/6244137D)
    (fp_text reference D2 (at 5.08 0) (layer F.SilkS)
      (effects (font (size 1 1) (thickness 0.15)))
    )
    (fp_text value select4 (at 1.27 3.46) (layer F.Fab)
      (effects (font (size 1 1) (thickness 0.15)))
    )
    (fp_line (start 4 -2.75) (end -1.45 -2.75) (layer F.CrtYd) (width 0.05))
    (fp_line (start 4 2.75) (end 4 -2.75) (layer F.CrtYd) (width 0.05))
    (fp_line (start -1.45 2.75) (end 4 2.75) (layer F.CrtYd) (width 0.05))
    (fp_line (start -1.45 -2.75) (end -1.45 2.75) (layer F.CrtYd) (width 0.05))
    (fp_line (start -0.79 1.08) (end -0.79 1.399) (layer F.SilkS) (width 0.12))
    (fp_line (start -0.79 -1.399) (end -0.79 -1.08) (layer F.SilkS) (width 0.12))
    (fp_line (start -0.73 -1.32665) (end -0.73 1.32665) (layer F.Fab) (width 0.1))
    (fp_circle (center 1.27 0) (end 3.27 0) (layer F.Fab) (width 0.1))
    (fp_arc (start 1.27 0) (end -0.73 -1.32665) (angle 292.9) (layer F.Fab) (width 0.1))
    (fp_arc (start 1.27 0) (end -0.79 -1.398749) (angle 120.1) (layer F.SilkS) (width 0.12))
    (fp_arc (start 1.27 0) (end -0.79 1.398749) (angle -120.1) (layer F.SilkS) (width 0.12))
    (fp_arc (start 1.27 0) (end -0.41333 -1.08) (angle 114.6) (layer F.SilkS) (width 0.12))
    (fp_arc (start 1.27 0) (end -0.41333 1.08) (angle -114.6) (layer F.SilkS) (width 0.12))
    (pad 1 thru_hole rect (at 0 0) (size 1.8 1.8) (drill 0.9) (layers *.Cu *.Mask)
      (net 6 "Net-(D2-Pad1)"))
    (pad 2 thru_hole circle (at 2.54 0) (size 1.8 1.8) (drill 0.9) (layers *.Cu *.Mask)
      (net 7 +5V))
    (model ${KISYS3DMOD}/LED_THT.3dshapes/LED_D4.0mm.wrl
      (at (xyz 0 0 0))
      (scale (xyz 1 1 1))
      (rotate (xyz 0 0 0))
    )
  )

  (module LED_THT:LED_D4.0mm (layer F.Cu) (tedit 587A3A7B) (tstamp 622B4502)
    (at 106.68 110.49)
    (descr "LED, diameter 4.0mm, 2 pins, http://www.kingbright.com/attachments/file/psearch/000/00/00/L-43GD(Ver.12B).pdf")
    (tags "LED diameter 4.0mm 2 pins")
    (path /6241987A/6244136B)
    (fp_text reference D3 (at 5.08 0) (layer F.SilkS)
      (effects (font (size 1 1) (thickness 0.15)))
    )
    (fp_text value select4 (at 1.27 3.46) (layer F.Fab)
      (effects (font (size 1 1) (thickness 0.15)))
    )
    (fp_line (start 4 -2.75) (end -1.45 -2.75) (layer F.CrtYd) (width 0.05))
    (fp_line (start 4 2.75) (end 4 -2.75) (layer F.CrtYd) (width 0.05))
    (fp_line (start -1.45 2.75) (end 4 2.75) (layer F.CrtYd) (width 0.05))
    (fp_line (start -1.45 -2.75) (end -1.45 2.75) (layer F.CrtYd) (width 0.05))
    (fp_line (start -0.79 1.08) (end -0.79 1.399) (layer F.SilkS) (width 0.12))
    (fp_line (start -0.79 -1.399) (end -0.79 -1.08) (layer F.SilkS) (width 0.12))
    (fp_line (start -0.73 -1.32665) (end -0.73 1.32665) (layer F.Fab) (width 0.1))
    (fp_circle (center 1.27 0) (end 3.27 0) (layer F.Fab) (width 0.1))
    (fp_arc (start 1.27 0) (end -0.73 -1.32665) (angle 292.9) (layer F.Fab) (width 0.1))
    (fp_arc (start 1.27 0) (end -0.79 -1.398749) (angle 120.1) (layer F.SilkS) (width 0.12))
    (fp_arc (start 1.27 0) (end -0.79 1.398749) (angle -120.1) (layer F.SilkS) (width 0.12))
    (fp_arc (start 1.27 0) (end -0.41333 -1.08) (angle 114.6) (layer F.SilkS) (width 0.12))
    (fp_arc (start 1.27 0) (end -0.41333 1.08) (angle -114.6) (layer F.SilkS) (width 0.12))
    (pad 1 thru_hole rect (at 0 0) (size 1.8 1.8) (drill 0.9) (layers *.Cu *.Mask)
      (net 1 GND))
    (pad 2 thru_hole circle (at 2.54 0) (size 1.8 1.8) (drill 0.9) (layers *.Cu *.Mask)
      (net 8 "Net-(D3-Pad2)"))
    (model ${KISYS3DMOD}/LED_THT.3dshapes/LED_D4.0mm.wrl
      (at (xyz 0 0 0))
      (scale (xyz 1 1 1))
      (rotate (xyz 0 0 0))
    )
  )

  (module LED_THT:LED_D4.0mm (layer F.Cu) (tedit 587A3A7B) (tstamp 622B4515)
    (at 106.68 96.52)
    (descr "LED, diameter 4.0mm, 2 pins, http://www.kingbright.com/attachments/file/psearch/000/00/00/L-43GD(Ver.12B).pdf")
    (tags "LED diameter 4.0mm 2 pins")
    (path /6241987A/62441351)
    (fp_text reference D4 (at 5.08 0) (layer F.SilkS)
      (effects (font (size 1 1) (thickness 0.15)))
    )
    (fp_text value select3 (at 1.27 3.46) (layer F.Fab)
      (effects (font (size 1 1) (thickness 0.15)))
    )
    (fp_circle (center 1.27 0) (end 3.27 0) (layer F.Fab) (width 0.1))
    (fp_line (start -0.73 -1.32665) (end -0.73 1.32665) (layer F.Fab) (width 0.1))
    (fp_line (start -0.79 -1.399) (end -0.79 -1.08) (layer F.SilkS) (width 0.12))
    (fp_line (start -0.79 1.08) (end -0.79 1.399) (layer F.SilkS) (width 0.12))
    (fp_line (start -1.45 -2.75) (end -1.45 2.75) (layer F.CrtYd) (width 0.05))
    (fp_line (start -1.45 2.75) (end 4 2.75) (layer F.CrtYd) (width 0.05))
    (fp_line (start 4 2.75) (end 4 -2.75) (layer F.CrtYd) (width 0.05))
    (fp_line (start 4 -2.75) (end -1.45 -2.75) (layer F.CrtYd) (width 0.05))
    (fp_arc (start 1.27 0) (end -0.41333 1.08) (angle -114.6) (layer F.SilkS) (width 0.12))
    (fp_arc (start 1.27 0) (end -0.41333 -1.08) (angle 114.6) (layer F.SilkS) (width 0.12))
    (fp_arc (start 1.27 0) (end -0.79 1.398749) (angle -120.1) (layer F.SilkS) (width 0.12))
    (fp_arc (start 1.27 0) (end -0.79 -1.398749) (angle 120.1) (layer F.SilkS) (width 0.12))
    (fp_arc (start 1.27 0) (end -0.73 -1.32665) (angle 292.9) (layer F.Fab) (width 0.1))
    (pad 2 thru_hole circle (at 2.54 0) (size 1.8 1.8) (drill 0.9) (layers *.Cu *.Mask)
      (net 9 "Net-(D4-Pad2)"))
    (pad 1 thru_hole rect (at 0 0) (size 1.8 1.8) (drill 0.9) (layers *.Cu *.Mask)
      (net 1 GND))
    (model ${KISYS3DMOD}/LED_THT.3dshapes/LED_D4.0mm.wrl
      (at (xyz 0 0 0))
      (scale (xyz 1 1 1))
      (rotate (xyz 0 0 0))
    )
  )

  (module LED_THT:LED_D4.0mm (layer F.Cu) (tedit 587A3A7B) (tstamp 622B4528)
    (at 106.68 82.55)
    (descr "LED, diameter 4.0mm, 2 pins, http://www.kingbright.com/attachments/file/psearch/000/00/00/L-43GD(Ver.12B).pdf")
    (tags "LED diameter 4.0mm 2 pins")
    (path /6241987A/62441344)
    (fp_text reference D5 (at 1.27 -3.46) (layer F.SilkS)
      (effects (font (size 1 1) (thickness 0.15)))
    )
    (fp_text value select2 (at 1.27 3.46) (layer F.Fab)
      (effects (font (size 1 1) (thickness 0.15)))
    )
    (fp_line (start 4 -2.75) (end -1.45 -2.75) (layer F.CrtYd) (width 0.05))
    (fp_line (start 4 2.75) (end 4 -2.75) (layer F.CrtYd) (width 0.05))
    (fp_line (start -1.45 2.75) (end 4 2.75) (layer F.CrtYd) (width 0.05))
    (fp_line (start -1.45 -2.75) (end -1.45 2.75) (layer F.CrtYd) (width 0.05))
    (fp_line (start -0.79 1.08) (end -0.79 1.399) (layer F.SilkS) (width 0.12))
    (fp_line (start -0.79 -1.399) (end -0.79 -1.08) (layer F.SilkS) (width 0.12))
    (fp_line (start -0.73 -1.32665) (end -0.73 1.32665) (layer F.Fab) (width 0.1))
    (fp_circle (center 1.27 0) (end 3.27 0) (layer F.Fab) (width 0.1))
    (fp_arc (start 1.27 0) (end -0.73 -1.32665) (angle 292.9) (layer F.Fab) (width 0.1))
    (fp_arc (start 1.27 0) (end -0.79 -1.398749) (angle 120.1) (layer F.SilkS) (width 0.12))
    (fp_arc (start 1.27 0) (end -0.79 1.398749) (angle -120.1) (layer F.SilkS) (width 0.12))
    (fp_arc (start 1.27 0) (end -0.41333 -1.08) (angle 114.6) (layer F.SilkS) (width 0.12))
    (fp_arc (start 1.27 0) (end -0.41333 1.08) (angle -114.6) (layer F.SilkS) (width 0.12))
    (pad 1 thru_hole rect (at 0 0) (size 1.8 1.8) (drill 0.9) (layers *.Cu *.Mask)
      (net 1 GND))
    (pad 2 thru_hole circle (at 2.54 0) (size 1.8 1.8) (drill 0.9) (layers *.Cu *.Mask)
      (net 10 "Net-(D5-Pad2)"))
    (model ${KISYS3DMOD}/LED_THT.3dshapes/LED_D4.0mm.wrl
      (at (xyz 0 0 0))
      (scale (xyz 1 1 1))
      (rotate (xyz 0 0 0))
    )
  )

  (module LED_THT:LED_D4.0mm (layer F.Cu) (tedit 587A3A7B) (tstamp 622B453B)
    (at 106.68 68.58)
    (descr "LED, diameter 4.0mm, 2 pins, http://www.kingbright.com/attachments/file/psearch/000/00/00/L-43GD(Ver.12B).pdf")
    (tags "LED diameter 4.0mm 2 pins")
    (path /6241987A/62441337)
    (fp_text reference D6 (at 5.08 0) (layer F.SilkS)
      (effects (font (size 1 1) (thickness 0.15)))
    )
    (fp_text value select1 (at 1.27 3.46) (layer F.Fab)
      (effects (font (size 1 1) (thickness 0.15)))
    )
    (fp_circle (center 1.27 0) (end 3.27 0) (layer F.Fab) (width 0.1))
    (fp_line (start -0.73 -1.32665) (end -0.73 1.32665) (layer F.Fab) (width 0.1))
    (fp_line (start -0.79 -1.399) (end -0.79 -1.08) (layer F.SilkS) (width 0.12))
    (fp_line (start -0.79 1.08) (end -0.79 1.399) (layer F.SilkS) (width 0.12))
    (fp_line (start -1.45 -2.75) (end -1.45 2.75) (layer F.CrtYd) (width 0.05))
    (fp_line (start -1.45 2.75) (end 4 2.75) (layer F.CrtYd) (width 0.05))
    (fp_line (start 4 2.75) (end 4 -2.75) (layer F.CrtYd) (width 0.05))
    (fp_line (start 4 -2.75) (end -1.45 -2.75) (layer F.CrtYd) (width 0.05))
    (fp_arc (start 1.27 0) (end -0.41333 1.08) (angle -114.6) (layer F.SilkS) (width 0.12))
    (fp_arc (start 1.27 0) (end -0.41333 -1.08) (angle 114.6) (layer F.SilkS) (width 0.12))
    (fp_arc (start 1.27 0) (end -0.79 1.398749) (angle -120.1) (layer F.SilkS) (width 0.12))
    (fp_arc (start 1.27 0) (end -0.79 -1.398749) (angle 120.1) (layer F.SilkS) (width 0.12))
    (fp_arc (start 1.27 0) (end -0.73 -1.32665) (angle 292.9) (layer F.Fab) (width 0.1))
    (pad 2 thru_hole circle (at 2.54 0) (size 1.8 1.8) (drill 0.9) (layers *.Cu *.Mask)
      (net 11 "Net-(D6-Pad2)"))
    (pad 1 thru_hole rect (at 0 0) (size 1.8 1.8) (drill 0.9) (layers *.Cu *.Mask)
      (net 1 GND))
    (model ${KISYS3DMOD}/LED_THT.3dshapes/LED_D4.0mm.wrl
      (at (xyz 0 0 0))
      (scale (xyz 1 1 1))
      (rotate (xyz 0 0 0))
    )
  )

  (module LED_THT:LED_D4.0mm (layer F.Cu) (tedit 587A3A7B) (tstamp 622BBB97)
    (at 93.98 68.58)
    (descr "LED, diameter 4.0mm, 2 pins, http://www.kingbright.com/attachments/file/psearch/000/00/00/L-43GD(Ver.12B).pdf")
    (tags "LED diameter 4.0mm 2 pins")
    (path /6241987A/6244D51C)
    (fp_text reference D7 (at 5.08 0) (layer F.SilkS)
      (effects (font (size 1 1) (thickness 0.15)))
    )
    (fp_text value gate1 (at 1.27 3.46) (layer F.Fab)
      (effects (font (size 1 1) (thickness 0.15)))
    )
    (fp_circle (center 1.27 0) (end 3.27 0) (layer F.Fab) (width 0.1))
    (fp_line (start -0.73 -1.32665) (end -0.73 1.32665) (layer F.Fab) (width 0.1))
    (fp_line (start -0.79 -1.399) (end -0.79 -1.08) (layer F.SilkS) (width 0.12))
    (fp_line (start -0.79 1.08) (end -0.79 1.399) (layer F.SilkS) (width 0.12))
    (fp_line (start -1.45 -2.75) (end -1.45 2.75) (layer F.CrtYd) (width 0.05))
    (fp_line (start -1.45 2.75) (end 4 2.75) (layer F.CrtYd) (width 0.05))
    (fp_line (start 4 2.75) (end 4 -2.75) (layer F.CrtYd) (width 0.05))
    (fp_line (start 4 -2.75) (end -1.45 -2.75) (layer F.CrtYd) (width 0.05))
    (fp_arc (start 1.27 0) (end -0.41333 1.08) (angle -114.6) (layer F.SilkS) (width 0.12))
    (fp_arc (start 1.27 0) (end -0.41333 -1.08) (angle 114.6) (layer F.SilkS) (width 0.12))
    (fp_arc (start 1.27 0) (end -0.79 1.398749) (angle -120.1) (layer F.SilkS) (width 0.12))
    (fp_arc (start 1.27 0) (end -0.79 -1.398749) (angle 120.1) (layer F.SilkS) (width 0.12))
    (fp_arc (start 1.27 0) (end -0.73 -1.32665) (angle 292.9) (layer F.Fab) (width 0.1))
    (pad 2 thru_hole circle (at 2.54 0) (size 1.8 1.8) (drill 0.9) (layers *.Cu *.Mask)
      (net 12 /Sheet62419879/gate_1))
    (pad 1 thru_hole rect (at 0 0) (size 1.8 1.8) (drill 0.9) (layers *.Cu *.Mask)
      (net 13 "Net-(D7-Pad1)"))
    (model ${KISYS3DMOD}/LED_THT.3dshapes/LED_D4.0mm.wrl
      (at (xyz 0 0 0))
      (scale (xyz 1 1 1))
      (rotate (xyz 0 0 0))
    )
  )

  (module LED_THT:LED_D4.0mm (layer F.Cu) (tedit 587A3A7B) (tstamp 622BBB61)
    (at 93.98 82.55)
    (descr "LED, diameter 4.0mm, 2 pins, http://www.kingbright.com/attachments/file/psearch/000/00/00/L-43GD(Ver.12B).pdf")
    (tags "LED diameter 4.0mm 2 pins")
    (path /6241987A/6244D540)
    (fp_text reference D8 (at 2.54 -3.46) (layer F.SilkS)
      (effects (font (size 1 1) (thickness 0.15)))
    )
    (fp_text value gate2 (at 1.27 3.46) (layer F.Fab)
      (effects (font (size 1 1) (thickness 0.15)))
    )
    (fp_circle (center 1.27 0) (end 3.27 0) (layer F.Fab) (width 0.1))
    (fp_line (start -0.73 -1.32665) (end -0.73 1.32665) (layer F.Fab) (width 0.1))
    (fp_line (start -0.79 -1.399) (end -0.79 -1.08) (layer F.SilkS) (width 0.12))
    (fp_line (start -0.79 1.08) (end -0.79 1.399) (layer F.SilkS) (width 0.12))
    (fp_line (start -1.45 -2.75) (end -1.45 2.75) (layer F.CrtYd) (width 0.05))
    (fp_line (start -1.45 2.75) (end 4 2.75) (layer F.CrtYd) (width 0.05))
    (fp_line (start 4 2.75) (end 4 -2.75) (layer F.CrtYd) (width 0.05))
    (fp_line (start 4 -2.75) (end -1.45 -2.75) (layer F.CrtYd) (width 0.05))
    (fp_arc (start 1.27 0) (end -0.41333 1.08) (angle -114.6) (layer F.SilkS) (width 0.12))
    (fp_arc (start 1.27 0) (end -0.41333 -1.08) (angle 114.6) (layer F.SilkS) (width 0.12))
    (fp_arc (start 1.27 0) (end -0.79 1.398749) (angle -120.1) (layer F.SilkS) (width 0.12))
    (fp_arc (start 1.27 0) (end -0.79 -1.398749) (angle 120.1) (layer F.SilkS) (width 0.12))
    (fp_arc (start 1.27 0) (end -0.73 -1.32665) (angle 292.9) (layer F.Fab) (width 0.1))
    (pad 2 thru_hole circle (at 2.54 0) (size 1.8 1.8) (drill 0.9) (layers *.Cu *.Mask)
      (net 14 /Sheet62419879/gate_2))
    (pad 1 thru_hole rect (at 0 0) (size 1.8 1.8) (drill 0.9) (layers *.Cu *.Mask)
      (net 15 "Net-(D8-Pad1)"))
    (model ${KISYS3DMOD}/LED_THT.3dshapes/LED_D4.0mm.wrl
      (at (xyz 0 0 0))
      (scale (xyz 1 1 1))
      (rotate (xyz 0 0 0))
    )
  )

  (module LED_THT:LED_D4.0mm (layer F.Cu) (tedit 587A3A7B) (tstamp 622BBB2B)
    (at 93.98 96.52)
    (descr "LED, diameter 4.0mm, 2 pins, http://www.kingbright.com/attachments/file/psearch/000/00/00/L-43GD(Ver.12B).pdf")
    (tags "LED diameter 4.0mm 2 pins")
    (path /6241987A/6244D528)
    (fp_text reference D9 (at 1.27 3.81) (layer F.SilkS)
      (effects (font (size 1 1) (thickness 0.15)))
    )
    (fp_text value gate3 (at 1.27 3.46) (layer F.Fab)
      (effects (font (size 1 1) (thickness 0.15)))
    )
    (fp_circle (center 1.27 0) (end 3.27 0) (layer F.Fab) (width 0.1))
    (fp_line (start -0.73 -1.32665) (end -0.73 1.32665) (layer F.Fab) (width 0.1))
    (fp_line (start -0.79 -1.399) (end -0.79 -1.08) (layer F.SilkS) (width 0.12))
    (fp_line (start -0.79 1.08) (end -0.79 1.399) (layer F.SilkS) (width 0.12))
    (fp_line (start -1.45 -2.75) (end -1.45 2.75) (layer F.CrtYd) (width 0.05))
    (fp_line (start -1.45 2.75) (end 4 2.75) (layer F.CrtYd) (width 0.05))
    (fp_line (start 4 2.75) (end 4 -2.75) (layer F.CrtYd) (width 0.05))
    (fp_line (start 4 -2.75) (end -1.45 -2.75) (layer F.CrtYd) (width 0.05))
    (fp_arc (start 1.27 0) (end -0.41333 1.08) (angle -114.6) (layer F.SilkS) (width 0.12))
    (fp_arc (start 1.27 0) (end -0.41333 -1.08) (angle 114.6) (layer F.SilkS) (width 0.12))
    (fp_arc (start 1.27 0) (end -0.79 1.398749) (angle -120.1) (layer F.SilkS) (width 0.12))
    (fp_arc (start 1.27 0) (end -0.79 -1.398749) (angle 120.1) (layer F.SilkS) (width 0.12))
    (fp_arc (start 1.27 0) (end -0.73 -1.32665) (angle 292.9) (layer F.Fab) (width 0.1))
    (pad 2 thru_hole circle (at 2.54 0) (size 1.8 1.8) (drill 0.9) (layers *.Cu *.Mask)
      (net 16 /Sheet62419879/gate_3))
    (pad 1 thru_hole rect (at 0 0) (size 1.8 1.8) (drill 0.9) (layers *.Cu *.Mask)
      (net 17 "Net-(D9-Pad1)"))
    (model ${KISYS3DMOD}/LED_THT.3dshapes/LED_D4.0mm.wrl
      (at (xyz 0 0 0))
      (scale (xyz 1 1 1))
      (rotate (xyz 0 0 0))
    )
  )

  (module LED_THT:LED_D4.0mm (layer F.Cu) (tedit 587A3A7B) (tstamp 622BBAF5)
    (at 93.98 110.49)
    (descr "LED, diameter 4.0mm, 2 pins, http://www.kingbright.com/attachments/file/psearch/000/00/00/L-43GD(Ver.12B).pdf")
    (tags "LED diameter 4.0mm 2 pins")
    (path /6241987A/6244D534)
    (fp_text reference D10 (at 5.715 0) (layer F.SilkS)
      (effects (font (size 1 1) (thickness 0.15)))
    )
    (fp_text value gate4 (at 1.27 3.46) (layer F.Fab)
      (effects (font (size 1 1) (thickness 0.15)))
    )
    (fp_line (start 4 -2.75) (end -1.45 -2.75) (layer F.CrtYd) (width 0.05))
    (fp_line (start 4 2.75) (end 4 -2.75) (layer F.CrtYd) (width 0.05))
    (fp_line (start -1.45 2.75) (end 4 2.75) (layer F.CrtYd) (width 0.05))
    (fp_line (start -1.45 -2.75) (end -1.45 2.75) (layer F.CrtYd) (width 0.05))
    (fp_line (start -0.79 1.08) (end -0.79 1.399) (layer F.SilkS) (width 0.12))
    (fp_line (start -0.79 -1.399) (end -0.79 -1.08) (layer F.SilkS) (width 0.12))
    (fp_line (start -0.73 -1.32665) (end -0.73 1.32665) (layer F.Fab) (width 0.1))
    (fp_circle (center 1.27 0) (end 3.27 0) (layer F.Fab) (width 0.1))
    (fp_arc (start 1.27 0) (end -0.73 -1.32665) (angle 292.9) (layer F.Fab) (width 0.1))
    (fp_arc (start 1.27 0) (end -0.79 -1.398749) (angle 120.1) (layer F.SilkS) (width 0.12))
    (fp_arc (start 1.27 0) (end -0.79 1.398749) (angle -120.1) (layer F.SilkS) (width 0.12))
    (fp_arc (start 1.27 0) (end -0.41333 -1.08) (angle 114.6) (layer F.SilkS) (width 0.12))
    (fp_arc (start 1.27 0) (end -0.41333 1.08) (angle -114.6) (layer F.SilkS) (width 0.12))
    (pad 1 thru_hole rect (at 0 0) (size 1.8 1.8) (drill 0.9) (layers *.Cu *.Mask)
      (net 18 "Net-(D10-Pad1)"))
    (pad 2 thru_hole circle (at 2.54 0) (size 1.8 1.8) (drill 0.9) (layers *.Cu *.Mask)
      (net 19 /Sheet62419879/gate_4))
    (model ${KISYS3DMOD}/LED_THT.3dshapes/LED_D4.0mm.wrl
      (at (xyz 0 0 0))
      (scale (xyz 1 1 1))
      (rotate (xyz 0 0 0))
    )
  )

  (module Attenuverter:mono_jack_3.5mm (layer F.Cu) (tedit 60FEAA3E) (tstamp 622B45A8)
    (at 83.82 53.34 270)
    (path /6241987A/62435597)
    (fp_text reference J1 (at 5.715 0 180) (layer F.SilkS)
      (effects (font (size 1 1) (thickness 0.15)))
    )
    (fp_text value clock_in (at -0.03 7.11 90) (layer F.Fab)
      (effects (font (size 1 1) (thickness 0.15)))
    )
    (fp_line (start 4.53 -4.5) (end 0.38 -4.5) (layer F.SilkS) (width 0.12))
    (fp_line (start -0.32 -4.5) (end -4.47 -4.5) (layer F.SilkS) (width 0.12))
    (fp_line (start 0.03 -6.48) (end 0.03 -4.45) (layer F.Fab) (width 0.1))
    (fp_circle (center 0.03 0) (end 1.83 0) (layer F.Fab) (width 0.1))
    (fp_line (start -1.03 -7.48) (end -1.03 -6.68) (layer F.SilkS) (width 0.12))
    (fp_circle (center 0.03 0) (end 1.83 0) (layer F.SilkS) (width 0.12))
    (fp_line (start 4.53 6) (end 0.53 6) (layer F.SilkS) (width 0.12))
    (fp_line (start -1.04 1.01) (end 1.04 -1.07) (layer Dwgs.User) (width 0.12))
    (fp_line (start -0.55 1.35) (end 1.39 -0.59) (layer Dwgs.User) (width 0.12))
    (fp_line (start -1.38 -0.46) (end -0.43 -1.41) (layer Dwgs.User) (width 0.12))
    (fp_line (start -1.39 0.395) (end 0.43 -1.42) (layer Dwgs.User) (width 0.12))
    (fp_line (start 0.12 1.48) (end 1.51 0.09) (layer Dwgs.User) (width 0.12))
    (fp_circle (center 0.03 0) (end 1.53 0) (layer Dwgs.User) (width 0.12))
    (fp_line (start 4.53 -4.5) (end 4.53 6) (layer F.SilkS) (width 0.12))
    (fp_line (start -4.47 -4.5) (end -4.47 6) (layer F.SilkS) (width 0.12))
    (fp_line (start -4.47 6) (end -4.47 -4.4) (layer F.Fab) (width 0.1))
    (fp_line (start -4.97 6.5) (end -4.97 -7.9) (layer F.CrtYd) (width 0.05))
    (fp_line (start 4.53 6) (end 4.53 -4.4) (layer F.Fab) (width 0.1))
    (fp_line (start 4.53 6) (end -4.47 6) (layer F.Fab) (width 0.1))
    (fp_line (start 4.53 -4.45) (end -4.47 -4.45) (layer F.Fab) (width 0.1))
    (fp_line (start 5.03 6.5) (end -4.97 6.5) (layer F.CrtYd) (width 0.05))
    (fp_line (start 5.03 6.5) (end 5.03 -7.9) (layer F.CrtYd) (width 0.05))
    (fp_line (start 5.03 -7.9) (end -4.97 -7.9) (layer F.CrtYd) (width 0.05))
    (fp_line (start -0.47 6) (end -4.47 6) (layer F.SilkS) (width 0.12))
    (fp_line (start -1.03 -7.48) (end -0.17 -7.48) (layer F.SilkS) (width 0.12))
    (fp_text user KEEPOUT (at 0.03 0 90) (layer Cmts.User)
      (effects (font (size 0.4 0.4) (thickness 0.051)))
    )
    (pad TN thru_hole oval (at 0.03 -3.38 90) (size 2.5 2.13) (drill oval 2 1.2) (layers *.Cu *.Mask)
      (net 20 "Net-(J1-PadTN)"))
    (pad T thru_hole oval (at 0.03 4.92 90) (size 2.5 2.13) (drill oval 2 1.2) (layers *.Cu *.Mask)
      (net 5 /Sheet62419879/clock_in))
    (pad S thru_hole rect (at 0.03 -6.48 90) (size 1.93 1.83) (drill 1.22) (layers *.Cu *.Mask)
      (net 1 GND))
  )

  (module Attenuverter:mono_jack_3.5mm (layer F.Cu) (tedit 60FEAA3E) (tstamp 622B45C9)
    (at 83.82 68.58 270)
    (path /6241987A/6244D4CA)
    (fp_text reference J2 (at -5.715 0 180) (layer F.SilkS)
      (effects (font (size 1 1) (thickness 0.15)))
    )
    (fp_text value gate_out_1 (at -0.03 7.11 90) (layer F.Fab)
      (effects (font (size 1 1) (thickness 0.15)))
    )
    (fp_line (start 4.53 -4.5) (end 0.38 -4.5) (layer F.SilkS) (width 0.12))
    (fp_line (start -0.32 -4.5) (end -4.47 -4.5) (layer F.SilkS) (width 0.12))
    (fp_line (start 0.03 -6.48) (end 0.03 -4.45) (layer F.Fab) (width 0.1))
    (fp_circle (center 0.03 0) (end 1.83 0) (layer F.Fab) (width 0.1))
    (fp_line (start -1.03 -7.48) (end -1.03 -6.68) (layer F.SilkS) (width 0.12))
    (fp_circle (center 0.03 0) (end 1.83 0) (layer F.SilkS) (width 0.12))
    (fp_line (start 4.53 6) (end 0.53 6) (layer F.SilkS) (width 0.12))
    (fp_line (start -1.04 1.01) (end 1.04 -1.07) (layer Dwgs.User) (width 0.12))
    (fp_line (start -0.55 1.35) (end 1.39 -0.59) (layer Dwgs.User) (width 0.12))
    (fp_line (start -1.38 -0.46) (end -0.43 -1.41) (layer Dwgs.User) (width 0.12))
    (fp_line (start -1.39 0.395) (end 0.43 -1.42) (layer Dwgs.User) (width 0.12))
    (fp_line (start 0.12 1.48) (end 1.51 0.09) (layer Dwgs.User) (width 0.12))
    (fp_circle (center 0.03 0) (end 1.53 0) (layer Dwgs.User) (width 0.12))
    (fp_line (start 4.53 -4.5) (end 4.53 6) (layer F.SilkS) (width 0.12))
    (fp_line (start -4.47 -4.5) (end -4.47 6) (layer F.SilkS) (width 0.12))
    (fp_line (start -4.47 6) (end -4.47 -4.4) (layer F.Fab) (width 0.1))
    (fp_line (start -4.97 6.5) (end -4.97 -7.9) (layer F.CrtYd) (width 0.05))
    (fp_line (start 4.53 6) (end 4.53 -4.4) (layer F.Fab) (width 0.1))
    (fp_line (start 4.53 6) (end -4.47 6) (layer F.Fab) (width 0.1))
    (fp_line (start 4.53 -4.45) (end -4.47 -4.45) (layer F.Fab) (width 0.1))
    (fp_line (start 5.03 6.5) (end -4.97 6.5) (layer F.CrtYd) (width 0.05))
    (fp_line (start 5.03 6.5) (end 5.03 -7.9) (layer F.CrtYd) (width 0.05))
    (fp_line (start 5.03 -7.9) (end -4.97 -7.9) (layer F.CrtYd) (width 0.05))
    (fp_line (start -0.47 6) (end -4.47 6) (layer F.SilkS) (width 0.12))
    (fp_line (start -1.03 -7.48) (end -0.17 -7.48) (layer F.SilkS) (width 0.12))
    (fp_text user KEEPOUT (at 0.03 0 90) (layer Cmts.User)
      (effects (font (size 0.4 0.4) (thickness 0.051)))
    )
    (pad TN thru_hole oval (at 0.03 -3.38 90) (size 2.5 2.13) (drill oval 2 1.2) (layers *.Cu *.Mask)
      (net 21 "Net-(J2-PadTN)"))
    (pad T thru_hole oval (at 0.03 4.92 90) (size 2.5 2.13) (drill oval 2 1.2) (layers *.Cu *.Mask)
      (net 22 "Net-(J2-PadT)"))
    (pad S thru_hole rect (at 0.03 -6.48 90) (size 1.93 1.83) (drill 1.22) (layers *.Cu *.Mask)
      (net 1 GND))
  )

  (module Attenuverter:mono_jack_3.5mm (layer F.Cu) (tedit 60FEAA3E) (tstamp 622B45EA)
    (at 83.82 82.55 270)
    (path /6241987A/6244D4DD)
    (fp_text reference J3 (at -5.08 -4.445 180) (layer F.SilkS)
      (effects (font (size 1 1) (thickness 0.15)))
    )
    (fp_text value gate_out_2 (at -0.03 7.11 90) (layer F.Fab)
      (effects (font (size 1 1) (thickness 0.15)))
    )
    (fp_line (start -1.03 -7.48) (end -0.17 -7.48) (layer F.SilkS) (width 0.12))
    (fp_line (start -0.47 6) (end -4.47 6) (layer F.SilkS) (width 0.12))
    (fp_line (start 5.03 -7.9) (end -4.97 -7.9) (layer F.CrtYd) (width 0.05))
    (fp_line (start 5.03 6.5) (end 5.03 -7.9) (layer F.CrtYd) (width 0.05))
    (fp_line (start 5.03 6.5) (end -4.97 6.5) (layer F.CrtYd) (width 0.05))
    (fp_line (start 4.53 -4.45) (end -4.47 -4.45) (layer F.Fab) (width 0.1))
    (fp_line (start 4.53 6) (end -4.47 6) (layer F.Fab) (width 0.1))
    (fp_line (start 4.53 6) (end 4.53 -4.4) (layer F.Fab) (width 0.1))
    (fp_line (start -4.97 6.5) (end -4.97 -7.9) (layer F.CrtYd) (width 0.05))
    (fp_line (start -4.47 6) (end -4.47 -4.4) (layer F.Fab) (width 0.1))
    (fp_line (start -4.47 -4.5) (end -4.47 6) (layer F.SilkS) (width 0.12))
    (fp_line (start 4.53 -4.5) (end 4.53 6) (layer F.SilkS) (width 0.12))
    (fp_circle (center 0.03 0) (end 1.53 0) (layer Dwgs.User) (width 0.12))
    (fp_line (start 0.12 1.48) (end 1.51 0.09) (layer Dwgs.User) (width 0.12))
    (fp_line (start -1.39 0.395) (end 0.43 -1.42) (layer Dwgs.User) (width 0.12))
    (fp_line (start -1.38 -0.46) (end -0.43 -1.41) (layer Dwgs.User) (width 0.12))
    (fp_line (start -0.55 1.35) (end 1.39 -0.59) (layer Dwgs.User) (width 0.12))
    (fp_line (start -1.04 1.01) (end 1.04 -1.07) (layer Dwgs.User) (width 0.12))
    (fp_line (start 4.53 6) (end 0.53 6) (layer F.SilkS) (width 0.12))
    (fp_circle (center 0.03 0) (end 1.83 0) (layer F.SilkS) (width 0.12))
    (fp_line (start -1.03 -7.48) (end -1.03 -6.68) (layer F.SilkS) (width 0.12))
    (fp_circle (center 0.03 0) (end 1.83 0) (layer F.Fab) (width 0.1))
    (fp_line (start 0.03 -6.48) (end 0.03 -4.45) (layer F.Fab) (width 0.1))
    (fp_line (start -0.32 -4.5) (end -4.47 -4.5) (layer F.SilkS) (width 0.12))
    (fp_line (start 4.53 -4.5) (end 0.38 -4.5) (layer F.SilkS) (width 0.12))
    (fp_text user KEEPOUT (at 0.03 0 90) (layer Cmts.User)
      (effects (font (size 0.4 0.4) (thickness 0.051)))
    )
    (pad S thru_hole rect (at 0.03 -6.48 90) (size 1.93 1.83) (drill 1.22) (layers *.Cu *.Mask)
      (net 1 GND))
    (pad T thru_hole oval (at 0.03 4.92 90) (size 2.5 2.13) (drill oval 2 1.2) (layers *.Cu *.Mask)
      (net 23 "Net-(J3-PadT)"))
    (pad TN thru_hole oval (at 0.03 -3.38 90) (size 2.5 2.13) (drill oval 2 1.2) (layers *.Cu *.Mask)
      (net 24 "Net-(J3-PadTN)"))
  )

  (module Attenuverter:mono_jack_3.5mm (layer F.Cu) (tedit 60FEAA3E) (tstamp 622B460B)
    (at 83.82 96.52 270)
    (path /6241987A/6244D4F0)
    (fp_text reference J4 (at -5.08 -4.445 180) (layer F.SilkS)
      (effects (font (size 1 1) (thickness 0.15)))
    )
    (fp_text value gate_out_3 (at -0.03 7.11 90) (layer F.Fab)
      (effects (font (size 1 1) (thickness 0.15)))
    )
    (fp_line (start 4.53 -4.5) (end 0.38 -4.5) (layer F.SilkS) (width 0.12))
    (fp_line (start -0.32 -4.5) (end -4.47 -4.5) (layer F.SilkS) (width 0.12))
    (fp_line (start 0.03 -6.48) (end 0.03 -4.45) (layer F.Fab) (width 0.1))
    (fp_circle (center 0.03 0) (end 1.83 0) (layer F.Fab) (width 0.1))
    (fp_line (start -1.03 -7.48) (end -1.03 -6.68) (layer F.SilkS) (width 0.12))
    (fp_circle (center 0.03 0) (end 1.83 0) (layer F.SilkS) (width 0.12))
    (fp_line (start 4.53 6) (end 0.53 6) (layer F.SilkS) (width 0.12))
    (fp_line (start -1.04 1.01) (end 1.04 -1.07) (layer Dwgs.User) (width 0.12))
    (fp_line (start -0.55 1.35) (end 1.39 -0.59) (layer Dwgs.User) (width 0.12))
    (fp_line (start -1.38 -0.46) (end -0.43 -1.41) (layer Dwgs.User) (width 0.12))
    (fp_line (start -1.39 0.395) (end 0.43 -1.42) (layer Dwgs.User) (width 0.12))
    (fp_line (start 0.12 1.48) (end 1.51 0.09) (layer Dwgs.User) (width 0.12))
    (fp_circle (center 0.03 0) (end 1.53 0) (layer Dwgs.User) (width 0.12))
    (fp_line (start 4.53 -4.5) (end 4.53 6) (layer F.SilkS) (width 0.12))
    (fp_line (start -4.47 -4.5) (end -4.47 6) (layer F.SilkS) (width 0.12))
    (fp_line (start -4.47 6) (end -4.47 -4.4) (layer F.Fab) (width 0.1))
    (fp_line (start -4.97 6.5) (end -4.97 -7.9) (layer F.CrtYd) (width 0.05))
    (fp_line (start 4.53 6) (end 4.53 -4.4) (layer F.Fab) (width 0.1))
    (fp_line (start 4.53 6) (end -4.47 6) (layer F.Fab) (width 0.1))
    (fp_line (start 4.53 -4.45) (end -4.47 -4.45) (layer F.Fab) (width 0.1))
